// 2017/05/19 Photon source to study the STM efficiency due to 
//the thickness of absorber
// $Author: Yaqian Wang$
// Original author Rob Kutschke
// added ParticleGun process
// enable process
bool particleGun.do = true;
// Limits on cos(polar angle):
double particleGun.czmin =  0.999996;
double particleGun.czmax =  1;
// Limits on phi angle:
double particleGun.phimin = 0.0;
double particleGun.phimax = 6.283185307179586;
// Time limits in ns, relative to protons on target.
double particleGun.tmin  =  0.0;
double particleGun.tmax  =  0.0;
// position
// The middle of the production target; in Mu2e coordinates in mm.
vector<double> particleGun.point = {-3904., 0., 6272};   
//{-3904., 0., 38350.} upstream of VD 111(,,38387.6)
vector<double> particleGun.halfLength = { 0., 0., 0. };
string particleGun.momentumMode="histogram";
vector<double> particleGun.momentumParameters = { 0,75,73994,46525,30440,22314,17937,37811,12048,10157,9010,8080,7257,6671,6070,5541,5013,4756,4404,4157,3937,3558,3318,3189,3036,2874,2721,2638,2393,2320,2241,2172,1988,2029,1844,1761,1757,1673,1596,1572,1500,1412,1379,1385,1334,1224,1231,1216,1154,1040,1109,1026,973,992,984,943,923,889,890,877,841,791,808,776,751,713,724,664,669,649,659,660,649,620,605,575,639,547,577,553,541,518,493,514,483,491,495,439,486,464,405,459,421,395,404,392,367,416,354,392,337,375,386,348,349,351,365,319,323,325,297,335,316,297,252,267,291,268,269,262,308,260,233,256,238,249,265,220,260,249,228,199,238,231,227,236,241,207,232,207,212,202,170,192,178,170,189,193,174,187,183,189,176,170,141,178,169,178,160,148,155,155,153,155,160,141,157,130,124,150,143,117,130,122,126,120,125,120,111,121,133,129,108,114,92,135,117,104,113,118,124,117,106,103,104,102,119,109,116,112,101,93,98,91,106,84,97,93,95,72,82,79,83,93,72,87,85,79,80,76,81,86,81,67,65,77,70,71,77,60,63,80,72,68,69,64,54,74,74,67,65,66,61,59,73,71,66,65,50,59,64,47,66,48,55,50,58,55,49,48,60,57,59,54,45,53,40,46,39,43,48,47,59,46,53,46,54,45,46,50,39,42,43,36,37,35,36,41,40,31,42,43,30,48,44,50,31,44,35,34,38,37,33,35,30,29,26,31,34,30,27,36,33,35,24,28,19,38,28,38,33,30,25,23,22,27,33,25,23,19,23,19,22,26,22,26,24,30,28,24,23,32,26,32,29,21,20,27,24,18,23,17,28,21,22,13,19,13,17,17,22,22,11,21,15,18,14,17,21,18,10,22,18,21,21,21,12,18,22,12,14,18,17,10,14,14,23,16,11,12,13,21,20,9,10,15,12,9,11,21,21,7,7,9,7,12,17,11,11,16,14,10,13,9,9,9,9,11,8,18,13,9,6,13,14,13,18,11,10,6,14,9,6,9,5,6,7,18,5,11,10,5,7,11,8,10,7,3,11,10,11,14,6,1,1,5,12,6,8,7,6,9,6,9,6,9,8,9,8,5,10,5,5,6,6,11,7,6,5,2,4,3,3,9,3,6,7,5,7,3,6,6,8,7,2,6,5,5,9,3,5,3,5,6,7,3,1,2,4,6,3,5,1,1,1,6,4,4,7,5,0,3,4,5,6,5,6,5,3,3,3,5,3,4,1,3,3,2,1,4,3,2,0,1,1,3,4,3,4,3,2,1,0,1,2,3,4,3,5,5,6,1,1,1,2,2,1,7,3,3,2,3,1,4,1,1,2,2,3,0,3,0,3,2,1,1,0,3,1,1,5,2,1,4,2,0,1,2,1,3,2,0,1,0,2,0,2,2,1,0,4,0,4,0,1,1,0,3,1,0,0,2,1,4,2,2,0,2,1,1,0,3,1,1,1,1,1,1,1,1,1,1,1,1,0,1,0,0,1,2,2,1,0,1,1,0,0,1,1,0,1,0,0,0,0,0,1,0,1,0,0,0,1,0,3,0,1,0,0,0,2,2,0,0,0,0,0,0,0,1,0,0,0,0,0,0,0,0,1,0,1,1,0,0,1,0,0,0,0,0,0,0,0,0,0,0,1,0,0,0,0,0,0,0,0,0,0,0,0,0,0,0,0,0,0,0,1,0,0,0,0,0,0,0,0,0,0,0,0,0,0,0};
//0.844,1.809 //2keV full width,Gaussian=2keV/2.355
// Limits on momentum:
//double particleGun.pmin = 0.1;//MeV set 5keV limit to the signal
//double particleGun.pmax = 3;
// Particle Id
int particleGun.id = 22;
// Mean particle.
double particleGun.mean =  -1;
// Control of histograms.
bool particleGun.doHistograms = false;
bool particleGun.verbose = false;
// This tells emacs to view this file in c++ mode.
// Local Variables:
// mode:c++
// End:
